{
    "E-V": {
        "MagState": "_FM",
        "bandgaps": [0.0, 0.0, 0.0, 0.0, 0.0, 0.0, 0.0],
        "energies": [-21.05085441, -21.56698443, -21.84683284, -21.95033122, -21.91749023, -21.78314896, -21.5715962],
        "kpoints": [[12, 12, 12]],
        "lattices": [[[3.367538, 0.0, 0.0], [0.0, 3.367538, 0.0], [0.0, 0.0, 3.367538]], [[3.432314, 0.0, 0.0], [0.0, 3.432314, 0.0], [0.0, 0.0, 3.432314]], [[3.494733, 0.0, 0.0], [0.0, 3.494733, 0.0], [0.0, 0.0, 3.494733]], [[3.554999, 0.0, 0.0], [0.0, 3.554999, 0.0], [0.0, 0.0, 3.554999]], [[3.613288, 0.0, 0.0], [0.0, 3.613288, 0.0], [0.0, 0.0, 3.613288]], [[3.669755, 0.0, 0.0], [0.0, 3.669755, 0.0], [0.0, 0.0, 3.669755]], [[3.724535, 0.0, 0.0], [0.0, 3.724535, 0.0], [0.0, 0.0, 3.724535]]],
        "magmoms": [[{"Al": -0.009}, {"Ni": 0.278}, {"Ni": 0.283}, {"Ni": 0.169}], [{"Al": -0.009}, {"Ni": 0.29}, {"Ni": 0.297}, {"Ni": 0.18}], [{"Al": -0.009}, {"Ni": 0.299}, {"Ni": 0.308}, {"Ni": 0.19}], [{"Al": -0.009}, {"Ni": 0.318}, {"Ni": 0.33}, {"Ni": 0.211}], [{"Al": -0.01}, {"Ni": 0.317}, {"Ni": 0.33}, {"Ni": 0.209}], [{"Al": -0.01}, {"Ni": 0.325}, {"Ni": 0.34}, {"Ni": 0.218}], [{"Al": -0.01}, {"Ni": 0.332}, {"Ni": 0.35}, {"Ni": 0.228}]],
        "metatag": "eea4e9bc-e71a-4ba8-ab22-3d99c20750dc",
        "natoms": 4,
        "pressures": [444.72028900000004, 252.71281772, 109.17986041, 1.57119101, -80.52490459, -141.82271799, -189.74322421],
        "stresses": [[[444.720289, 0.0, -0.0], [0.0, 444.720289, 0.0], [0.0, 0.0, 444.720289]], [[252.71281772, -0.0, 0.0], [-0.0, 252.71281772, 0.0], [0.0, -0.0, 252.71281772]], [[109.17986041, 0.0, 0.0], [0.0, 109.17986041, 0.0], [-0.0, 0.0, 109.17986041]], [[1.57119101, 0.0, -0.0], [-0.0, 1.57119101, -0.0], [0.0, 0.0, 1.57119101]], [[-80.52490459, 0.0, -0.0], [0.0, -80.52490459, 0.0], [-0.0, 0.0, -80.52490459]], [[-141.82271799, -0.0, -0.0], [-0.0, -141.82271799, -0.0], [0.0, 0.0, -141.82271799]], [[-189.74322421, -0.0, -0.0], [-0.0, -189.74322421, 0.0], [-0.0, 0.0, -189.74322421]]],
        "volumes": [38.18893220287557, 40.43533404698337, 42.68172888742113, 44.928140960935664, 47.174546752469894, 49.42096401936054, 51.66734904433883]
    },

    "ENCUT": 520.0,
    "Gruneisen parameter": 1.788,
    "INCAR": {
        "ALGO": "Normal",
        "EDIFF": 4e-06,
        "ENCUT": 520.0,
        "IBRION": -1,
        "ICHARG": 2,
        "ISIF": 4,
        "ISMEAR": 0,
        "ISPIN": 2,
        "KPOINT_BSE": [-1, 0, 0, 0],
        "LAECHG": true,
        "LASPH": true,
        "LCHARG": true,
        "LORBIT": false,
        "LREAL": false,
        "LVHAR": true,
        "LWAVE": false,
        "MAGMOM": [0.6, 5.0, 5.0, 5.0],
        "NEDOS": 5001,
        "NELM": 100,
        "NSW": 0,
        "PREC": "accurate",
        "SIGMA": 0.05
    },

    "LSORBIT": false,
    "METADATA": {
        "tag": "eea4e9bc-e71a-4ba8-ab22-3d99c20750dc"
    },

    "NEDOS": 5001,
    "POSCAR": "Al1 Ni3\n1.0\n3.554999 0.000000 0.000000\n0.000000 3.554999 0.000000\n0.000000 0.000000 3.554999\nAl Ni\n1 3\ndirect\n0.000000 0.000000 0.000000 Al\n0.500000 0.500000 0.000000 Ni\n0.500000 0.000000 0.500000 Ni\n0.000000 0.500000 0.500000 Ni\n",
    "Postprocess time": "2021-11-03 12:40:52.907105",
    "bandgap": 0.0,
    "command": "dfttk thfind -tag eea4e9bc-e71a-4ba8-ab22-3d99c20750dc -get -plot DFTTK -fitF -expt ExptData.json",
    "kpoints": {
        "generation_style": "Monkhorst",
        "kpoints": [12, 12, 12]
    },

    "phonon quality": "    -1.0",
    "pseudo_potential": {
        "functional": "PBE",
        "labels": ["Al", "Ni_pv"],
        "pot_type": "paw"
    }
}
