2.888255 0.000000 0.000000
0.000000 2.888255 0.000000
0.000000 0.000000 2.888255
0.000000 5.776510 5.776510
5.776510 0.000000 5.776510
5.776510 5.776510 0.000000
32 16
direct
0.000000 0.000000 0.000000 Al
0.500000 0.000000 0.000000 Al
0.000000 0.500000 0.000000 Al
0.000000 0.000000 0.500000 Al
0.250000 0.250000 0.250000 Al
0.500000 0.500000 0.000000 Al
0.500000 0.000000 0.500000 Al
0.750000 0.250000 0.250000 Al
0.000000 0.500000 0.500000 Al
0.250000 0.750000 0.250000 Al
0.250000 0.250000 0.750000 Al
0.500000 0.500000 0.500000 Al
0.750000 0.750000 0.250000 Al
0.750000 0.250000 0.750000 Al
0.250000 0.750000 0.750000 Al
0.750000 0.750000 0.750000 Al
0.125000 0.125000 0.125000 Ni
0.625000 0.125000 0.125000 Ni
0.125000 0.625000 0.125000 Ni
0.125000 0.125000 0.625000 Ni
0.375000 0.375000 0.375000 Ni
0.625000 0.625000 0.125000 Ni
0.625000 0.125000 0.625000 Ni
0.875000 0.375000 0.375000 Ni
0.125000 0.625000 0.625000 Ni
0.375000 0.875000 0.375000 Ni
0.375000 0.375000 0.875000 Ni
0.625000 0.625000 0.625000 Ni
0.875000 0.875000 0.375000 Ni
0.875000 0.375000 0.875000 Ni
0.375000 0.875000 0.875000 Ni
0.875000 0.875000 0.875000 Ni
-8.72598267953 0.0 0.0 -0.07733321201000001 0.0 0.0 0.15070102645 0.0 0.14026288698000003 0.15070102645 0.14026288698000003 0.0 0.28201647421000003 0.0 0.0 0.15070102645 -0.14026288698000003 0.0 0.15070102645 0.0 -0.14026288698000003 1.17462835759 -0.0 -0.0 -0.07733321201000001 0.0 0.0 -0.028766872390000003 0.0 -0.0 -0.028766872390000003 0.0 -0.0 -0.03646724979 0.0 0.0 -0.028766872390000003 0.0 -0.0 -0.028766872390000003 -0.0 -0.0 1.17462835759 -0.0 0.0 0.28201647421000003 0.0 0.0 0.6599290134088831 0.7002783298370174 0.7002783298370174 0.6599290134088831 -0.7002783298370174 -0.7002783298370174 0.6599290134088831 -0.7002783298370174 0.7002783298370174 0.6599290134088831 0.7002783298370174 -0.7002783298370174 0.06526874100048458 -0.016454174038550633 -0.016454174038550633 0.06526874100048458 -0.016454174038550633 0.016454174038550633 0.06526874100048458 0.016454174038550633 -0.016454174038550633 0.06526874100048458 0.016454174038550633 0.016454174038550633 0.06526874100048458 0.016454174038550633 0.016454174038550633 0.06526874100048458 0.016454174038550633 -0.016454174038550633 0.06526874100048458 -0.016454174038550633 0.016454174038550633 0.06526874100048458 -0.016454174038550633 -0.016454174038550633 0.6599290134088831 0.7002783298370174 -0.7002783298370174 0.6599290134088831 -0.7002783298370174 0.7002783298370174 0.6599290134088831 -0.7002783298370174 -0.7002783298370174 0.6599290134088831 0.7002783298370174 0.7002783298370174
0.0 -8.72598267953 0.0 0.0 0.15070102645 0.14026288698000003 0.0 -0.07733321201000001 0.0 0.14026288698000003 0.15070102645 0.0 0.0 0.28201647421000003 0.0 -0.14026288698000003 0.15070102645 0.0 0.0 -0.07733321201000001 0.0 -0.0 -0.028766872390000003 -0.0 0.0 0.15070102645 -0.14026288698000003 -0.0 1.17462835759 -0.0 0.0 -0.028766872390000003 0.0 0.0 -0.03646724979 -0.0 0.0 -0.028766872390000003 -0.0 0.0 1.17462835759 -0.0 -0.0 -0.028766872390000003 -0.0 0.0 0.28201647421000003 0.0 0.7002783298370174 0.6599290134088831 0.7002783298370174 -0.7002783298370174 0.6599290134088831 0.7002783298370174 -0.7002783298370174 0.6599290134088831 -0.7002783298370174 0.7002783298370174 0.6599290134088831 -0.7002783298370174 -0.016454174038550633 0.06526874100048458 -0.016454174038550633 -0.016454174038550633 0.06526874100048458 0.016454174038550633 0.016454174038550633 0.06526874100048458 0.016454174038550633 0.016454174038550633 0.06526874100048458 -0.016454174038550633 0.016454174038550633 0.06526874100048458 -0.016454174038550633 0.016454174038550633 0.06526874100048458 0.016454174038550633 -0.016454174038550633 0.06526874100048458 0.016454174038550633 -0.016454174038550633 0.06526874100048458 -0.016454174038550633 0.7002783298370174 0.6599290134088831 -0.7002783298370174 -0.7002783298370174 0.6599290134088831 -0.7002783298370174 -0.7002783298370174 0.6599290134088831 0.7002783298370174 0.7002783298370174 0.6599290134088831 0.7002783298370174
0.0 0.0 -8.72598267953 0.0 0.14026288698000003 0.15070102645 0.14026288698000003 0.0 0.15070102645 0.0 0.0 -0.07733321201000001 0.0 0.0 0.28201647421000003 0.0 0.0 -0.07733321201000001 -0.14026288698000003 0.0 0.15070102645 0.0 -0.0 -0.028766872390000003 0.0 -0.14026288698000003 0.15070102645 -0.0 -0.0 -0.028766872390000003 -0.0 -0.0 1.17462835759 0.0 -0.0 -0.03646724979 -0.0 0.0 1.17462835759 -0.0 -0.0 -0.028766872390000003 -0.0 -0.0 -0.028766872390000003 0.0 0.0 0.28201647421000003 0.7002783298370174 0.7002783298370174 0.6599290134088831 -0.7002783298370174 0.7002783298370174 0.6599290134088831 0.7002783298370174 -0.7002783298370174 0.6599290134088831 -0.7002783298370174 -0.7002783298370174 0.6599290134088831 -0.016454174038550633 -0.016454174038550633 0.06526874100048458 0.016454174038550633 0.016454174038550633 0.06526874100048458 -0.016454174038550633 0.016454174038550633 0.06526874100048458 0.016454174038550633 -0.016454174038550633 0.06526874100048458 0.016454174038550633 -0.016454174038550633 0.06526874100048458 -0.016454174038550633 0.016454174038550633 0.06526874100048458 0.016454174038550633 0.016454174038550633 0.06526874100048458 -0.016454174038550633 -0.016454174038550633 0.06526874100048458 -0.7002783298370174 -0.7002783298370174 0.6599290134088831 0.7002783298370174 -0.7002783298370174 0.6599290134088831 -0.7002783298370174 0.7002783298370174 0.6599290134088831 0.7002783298370174 0.7002783298370174 0.6599290134088831
-0.07733321201000001 0.0 0.0 -8.72598267953 0.0 0.0 0.15070102645 -0.14026288698000003 0.0 0.15070102645 0.0 -0.14026288698000003 1.17462835759 -0.0 -0.0 0.15070102645 0.0 0.14026288698000003 0.15070102645 0.14026288698000003 0.0 0.28201647421000003 0.0 0.0 -0.03646724979 0.0 0.0 -0.028766872390000003 0.0 -0.0 -0.028766872390000003 -0.0 -0.0 -0.07733321201000001 0.0 0.0 -0.028766872390000003 0.0 -0.0 -0.028766872390000003 0.0 -0.0 0.28201647421000003 0.0 0.0 1.17462835759 -0.0 0.0 0.6599290134088831 -0.7002783298370174 -0.7002783298370174 0.6599290134088831 0.7002783298370174 0.7002783298370174 0.06526874100048458 -0.016454174038550633 0.016454174038550633 0.06526874100048458 0.016454174038550633 -0.016454174038550633 0.06526874100048458 0.016454174038550633 0.016454174038550633 0.6599290134088831 -0.7002783298370174 0.7002783298370174 0.6599290134088831 0.7002783298370174 -0.7002783298370174 0.06526874100048458 -0.016454174038550633 -0.016454174038550633 0.06526874100048458 -0.016454174038550633 -0.016454174038550633 0.6599290134088831 0.7002783298370174 -0.7002783298370174 0.6599290134088831 -0.7002783298370174 0.7002783298370174 0.06526874100048458 0.016454174038550633 0.016454174038550633 0.06526874100048458 0.016454174038550633 -0.016454174038550633 0.06526874100048458 -0.016454174038550633 0.016454174038550633 0.6599290134088831 0.7002783298370174 0.7002783298370174 0.6599290134088831 -0.7002783298370174 -0.7002783298370174
0.0 0.15070102645 0.14026288698000003 0.0 -8.72598267953 0.0 -0.14026288698000003 0.15070102645 0.0 0.0 -0.07733321201000001 0.0 -0.0 -0.028766872390000003 -0.0 0.0 -0.07733321201000001 0.0 0.14026288698000003 0.15070102645 0.0 0.0 0.28201647421000003 0.0 0.0 -0.03646724979 -0.0 0.0 -0.028766872390000003 -0.0 0.0 1.17462835759 -0.0 0.0 0.15070102645 -0.14026288698000003 -0.0 1.17462835759 -0.0 0.0 -0.028766872390000003 0.0 0.0 0.28201647421000003 0.0 -0.0 -0.028766872390000003 -0.0 -0.7002783298370174 0.6599290134088831 0.7002783298370174 0.7002783298370174 0.6599290134088831 0.7002783298370174 -0.016454174038550633 0.06526874100048458 0.016454174038550633 0.016454174038550633 0.06526874100048458 0.016454174038550633 0.016454174038550633 0.06526874100048458 -0.016454174038550633 -0.7002783298370174 0.6599290134088831 -0.7002783298370174 0.7002783298370174 0.6599290134088831 -0.7002783298370174 -0.016454174038550633 0.06526874100048458 -0.016454174038550633 -0.016454174038550633 0.06526874100048458 -0.016454174038550633 0.7002783298370174 0.6599290134088831 -0.7002783298370174 -0.7002783298370174 0.6599290134088831 -0.7002783298370174 0.016454174038550633 0.06526874100048458 -0.016454174038550633 0.016454174038550633 0.06526874100048458 0.016454174038550633 -0.016454174038550633 0.06526874100048458 0.016454174038550633 0.7002783298370174 0.6599290134088831 0.7002783298370174 -0.7002783298370174 0.6599290134088831 0.7002783298370174
0.0 0.14026288698000003 0.15070102645 0.0 0.0 -8.72598267953 0.0 0.0 -0.07733321201000001 -0.14026288698000003 0.0 0.15070102645 0.0 -0.0 -0.028766872390000003 0.14026288698000003 0.0 0.15070102645 0.0 0.0 -0.07733321201000001 0.0 0.0 0.28201647421000003 0.0 -0.0 -0.03646724979 -0.0 0.0 1.17462835759 -0.0 -0.0 -0.028766872390000003 0.0 -0.14026288698000003 0.15070102645 -0.0 -0.0 -0.028766872390000003 -0.0 -0.0 1.17462835759 0.0 0.0 0.28201647421000003 -0.0 -0.0 -0.028766872390000003 -0.7002783298370174 0.7002783298370174 0.6599290134088831 0.7002783298370174 0.7002783298370174 0.6599290134088831 0.016454174038550633 0.016454174038550633 0.06526874100048458 -0.016454174038550633 0.016454174038550633 0.06526874100048458 0.016454174038550633 -0.016454174038550633 0.06526874100048458 0.7002783298370174 -0.7002783298370174 0.6599290134088831 -0.7002783298370174 -0.7002783298370174 0.6599290134088831 -0.016454174038550633 -0.016454174038550633 0.06526874100048458 -0.016454174038550633 -0.016454174038550633 0.06526874100048458 -0.7002783298370174 -0.7002783298370174 0.6599290134088831 0.7002783298370174 -0.7002783298370174 0.6599290134088831 0.016454174038550633 -0.016454174038550633 0.06526874100048458 -0.016454174038550633 0.016454174038550633 0.06526874100048458 0.016454174038550633 0.016454174038550633 0.06526874100048458 0.7002783298370174 0.7002783298370174 0.6599290134088831 -0.7002783298370174 0.7002783298370174 0.6599290134088831
0.15070102645 0.0 0.14026288698000003 0.15070102645 -0.14026288698000003 0.0 -8.72598267953 0.0 0.0 -0.07733321201000001 0.0 0.0 -0.028766872390000003 0.0 -0.0 -0.07733321201000001 0.0 0.0 -0.03646724979 0.0 0.0 -0.028766872390000003 0.0 -0.0 0.15070102645 0.14026288698000003 0.0 0.28201647421000003 0.0 0.0 1.17462835759 -0.0 0.0 0.15070102645 0.0 -0.14026288698000003 1.17462835759 -0.0 -0.0 0.28201647421000003 0.0 0.0 -0.028766872390000003 0.0 -0.0 -0.028766872390000003 -0.0 -0.0 0.6599290134088831 -0.7002783298370174 0.7002783298370174 0.06526874100048458 -0.016454174038550633 0.016454174038550633 0.6599290134088831 0.7002783298370174 0.7002783298370174 0.06526874100048458 0.016454174038550633 0.016454174038550633 0.06526874100048458 0.016454174038550633 -0.016454174038550633 0.6599290134088831 -0.7002783298370174 -0.7002783298370174 0.06526874100048458 -0.016454174038550633 -0.016454174038550633 0.6599290134088831 0.7002783298370174 -0.7002783298370174 0.6599290134088831 0.7002783298370174 -0.7002783298370174 0.06526874100048458 -0.016454174038550633 -0.016454174038550633 0.6599290134088831 -0.7002783298370174 -0.7002783298370174 0.06526874100048458 0.016454174038550633 -0.016454174038550633 0.06526874100048458 0.016454174038550633 0.016454174038550633 0.6599290134088831 0.7002783298370174 0.7002783298370174 0.06526874100048458 -0.016454174038550633 0.016454174038550633 0.6599290134088831 -0.7002783298370174 0.7002783298370174
0.0 -0.07733321201000001 0.0 -0.14026288698000003 0.15070102645 0.0 0.0 -8.72598267953 0.0 0.0 0.15070102645 -0.14026288698000003 -0.0 1.17462835759 -0.0 0.0 0.15070102645 0.14026288698000003 0.0 -0.03646724979 -0.0 0.0 -0.028766872390000003 -0.0 0.14026288698000003 0.15070102645 0.0 0.0 0.28201647421000003 0.0 -0.0 -0.028766872390000003 -0.0 0.0 -0.07733321201000001 0.0 -0.0 -0.028766872390000003 -0.0 0.0 0.28201647421000003 0.0 0.0 -0.028766872390000003 0.0 0.0 1.17462835759 -0.0 -0.7002783298370174 0.6599290134088831 -0.7002783298370174 -0.016454174038550633 0.06526874100048458 0.016454174038550633 0.7002783298370174 0.6599290134088831 0.7002783298370174 0.016454174038550633 0.06526874100048458 -0.016454174038550633 0.016454174038550633 0.06526874100048458 0.016454174038550633 -0.7002783298370174 0.6599290134088831 0.7002783298370174 -0.016454174038550633 0.06526874100048458 -0.016454174038550633 0.7002783298370174 0.6599290134088831 -0.7002783298370174 0.7002783298370174 0.6599290134088831 -0.7002783298370174 -0.016454174038550633 0.06526874100048458 -0.016454174038550633 -0.7002783298370174 0.6599290134088831 0.7002783298370174 0.016454174038550633 0.06526874100048458 0.016454174038550633 0.016454174038550633 0.06526874100048458 -0.016454174038550633 0.7002783298370174 0.6599290134088831 0.7002783298370174 -0.016454174038550633 0.06526874100048458 0.016454174038550633 -0.7002783298370174 0.6599290134088831 -0.7002783298370174
0.14026288698000003 0.0 0.15070102645 0.0 0.0 -0.07733321201000001 0.0 0.0 -8.72598267953 0.0 -0.14026288698000003 0.15070102645 -0.0 -0.0 -0.028766872390000003 0.0 0.14026288698000003 0.15070102645 0.0 -0.0 -0.03646724979 -0.0 0.0 1.17462835759 0.0 0.0 -0.07733321201000001 0.0 0.0 0.28201647421000003 -0.0 -0.0 -0.028766872390000003 -0.14026288698000003 0.0 0.15070102645 0.0 -0.0 -0.028766872390000003 0.0 0.0 0.28201647421000003 -0.0 -0.0 1.17462835759 -0.0 -0.0 -0.028766872390000003 0.7002783298370174 -0.7002783298370174 0.6599290134088831 0.016454174038550633 0.016454174038550633 0.06526874100048458 0.7002783298370174 0.7002783298370174 0.6599290134088831 0.016454174038550633 -0.016454174038550633 0.06526874100048458 -0.016454174038550633 0.016454174038550633 0.06526874100048458 -0.7002783298370174 0.7002783298370174 0.6599290134088831 -0.016454174038550633 -0.016454174038550633 0.06526874100048458 -0.7002783298370174 -0.7002783298370174 0.6599290134088831 -0.7002783298370174 -0.7002783298370174 0.6599290134088831 -0.016454174038550633 -0.016454174038550633 0.06526874100048458 -0.7002783298370174 0.7002783298370174 0.6599290134088831 -0.016454174038550633 0.016454174038550633 0.06526874100048458 0.016454174038550633 -0.016454174038550633 0.06526874100048458 0.7002783298370174 0.7002783298370174 0.6599290134088831 0.016454174038550633 0.016454174038550633 0.06526874100048458 0.7002783298370174 -0.7002783298370174 0.6599290134088831
0.15070102645 0.14026288698000003 0.0 0.15070102645 0.0 -0.14026288698000003 -0.07733321201000001 0.0 0.0 -8.72598267953 0.0 0.0 -0.028766872390000003 0.0 -0.0 -0.03646724979 0.0 0.0 -0.07733321201000001 0.0 0.0 -0.028766872390000003 -0.0 -0.0 0.15070102645 0.0 0.14026288698000003 1.17462835759 -0.0 0.0 0.28201647421000003 0.0 0.0 0.15070102645 -0.14026288698000003 0.0 0.28201647421000003 0.0 0.0 1.17462835759 -0.0 -0.0 -0.028766872390000003 0.0 -0.0 -0.028766872390000003 0.0 -0.0 0.6599290134088831 0.7002783298370174 -0.7002783298370174 0.06526874100048458 0.016454174038550633 -0.016454174038550633 0.06526874100048458 0.016454174038550633 0.016454174038550633 0.6599290134088831 0.7002783298370174 0.7002783298370174 0.06526874100048458 -0.016454174038550633 0.016454174038550633 0.06526874100048458 -0.016454174038550633 -0.016454174038550633 0.6599290134088831 -0.7002783298370174 -0.7002783298370174 0.6599290134088831 -0.7002783298370174 0.7002783298370174 0.6599290134088831 -0.7002783298370174 0.7002783298370174 0.6599290134088831 -0.7002783298370174 -0.7002783298370174 0.06526874100048458 -0.016454174038550633 -0.016454174038550633 0.06526874100048458 -0.016454174038550633 0.016454174038550633 0.6599290134088831 0.7002783298370174 0.7002783298370174 0.06526874100048458 0.016454174038550633 0.016454174038550633 0.06526874100048458 0.016454174038550633 -0.016454174038550633 0.6599290134088831 0.7002783298370174 -0.7002783298370174
0.14026288698000003 0.15070102645 0.0 0.0 -0.07733321201000001 0.0 0.0 0.15070102645 -0.14026288698000003 0.0 -8.72598267953 0.0 0.0 -0.028766872390000003 0.0 0.0 -0.03646724979 -0.0 0.0 0.15070102645 0.14026288698000003 0.0 1.17462835759 -0.0 0.0 -0.07733321201000001 0.0 -0.0 -0.028766872390000003 -0.0 0.0 0.28201647421000003 0.0 -0.14026288698000003 0.15070102645 0.0 0.0 0.28201647421000003 0.0 -0.0 -0.028766872390000003 -0.0 -0.0 1.17462835759 -0.0 0.0 -0.028766872390000003 -0.0 0.7002783298370174 0.6599290134088831 -0.7002783298370174 0.016454174038550633 0.06526874100048458 0.016454174038550633 0.016454174038550633 0.06526874100048458 -0.016454174038550633 0.7002783298370174 0.6599290134088831 0.7002783298370174 -0.016454174038550633 0.06526874100048458 0.016454174038550633 -0.016454174038550633 0.06526874100048458 -0.016454174038550633 -0.7002783298370174 0.6599290134088831 0.7002783298370174 -0.7002783298370174 0.6599290134088831 -0.7002783298370174 -0.7002783298370174 0.6599290134088831 -0.7002783298370174 -0.7002783298370174 0.6599290134088831 0.7002783298370174 -0.016454174038550633 0.06526874100048458 -0.016454174038550633 -0.016454174038550633 0.06526874100048458 0.016454174038550633 0.7002783298370174 0.6599290134088831 0.7002783298370174 0.016454174038550633 0.06526874100048458 -0.016454174038550633 0.016454174038550633 0.06526874100048458 0.016454174038550633 0.7002783298370174 0.6599290134088831 -0.7002783298370174
0.0 0.0 -0.07733321201000001 -0.14026288698000003 0.0 0.15070102645 0.0 -0.14026288698000003 0.15070102645 0.0 0.0 -8.72598267953 -0.0 -0.0 1.17462835759 0.0 -0.0 -0.03646724979 0.0 0.14026288698000003 0.15070102645 -0.0 -0.0 -0.028766872390000003 0.14026288698000003 0.0 0.15070102645 -0.0 -0.0 -0.028766872390000003 0.0 0.0 0.28201647421000003 0.0 0.0 -0.07733321201000001 0.0 0.0 0.28201647421000003 0.0 -0.0 -0.028766872390000003 -0.0 -0.0 -0.028766872390000003 -0.0 0.0 1.17462835759 -0.7002783298370174 -0.7002783298370174 0.6599290134088831 -0.016454174038550633 0.016454174038550633 0.06526874100048458 0.016454174038550633 -0.016454174038550633 0.06526874100048458 0.7002783298370174 0.7002783298370174 0.6599290134088831 0.016454174038550633 0.016454174038550633 0.06526874100048458 -0.016454174038550633 -0.016454174038550633 0.06526874100048458 -0.7002783298370174 0.7002783298370174 0.6599290134088831 0.7002783298370174 -0.7002783298370174 0.6599290134088831 0.7002783298370174 -0.7002783298370174 0.6599290134088831 -0.7002783298370174 0.7002783298370174 0.6599290134088831 -0.016454174038550633 -0.016454174038550633 0.06526874100048458 0.016454174038550633 0.016454174038550633 0.06526874100048458 0.7002783298370174 0.7002783298370174 0.6599290134088831 0.016454174038550633 -0.016454174038550633 0.06526874100048458 -0.016454174038550633 0.016454174038550633 0.06526874100048458 -0.7002783298370174 -0.7002783298370174 0.6599290134088831
0.28201647421000003 0.0 0.0 1.17462835759 -0.0 0.0 -0.028766872390000003 -0.0 -0.0 -0.028766872390000003 0.0 -0.0 -8.72598267953 0.0 0.0 -0.028766872390000003 0.0 -0.0 -0.028766872390000003 0.0 -0.0 -0.07733321201000001 0.0 0.0 1.17462835759 -0.0 -0.0 0.15070102645 0.0 0.14026288698000003 0.15070102645 0.14026288698000003 0.0 0.28201647421000003 0.0 0.0 0.15070102645 -0.14026288698000003 0.0 0.15070102645 0.0 -0.14026288698000003 -0.07733321201000001 0.0 0.0 -0.03646724979 0.0 0.0 0.6599290134088831 0.7002783298370174 0.7002783298370174 0.6599290134088831 -0.7002783298370174 -0.7002783298370174 0.6599290134088831 -0.7002783298370174 0.7002783298370174 0.6599290134088831 0.7002783298370174 -0.7002783298370174 0.6599290134088831 0.7002783298370174 0.7002783298370174 0.06526874100048458 -0.016454174038550633 0.016454174038550633 0.06526874100048458 0.016454174038550633 -0.016454174038550633 0.6599290134088831 -0.7002783298370174 -0.7002783298370174 0.06526874100048458 0.016454174038550633 0.016454174038550633 0.6599290134088831 -0.7002783298370174 0.7002783298370174 0.6599290134088831 0.7002783298370174 -0.7002783298370174 0.06526874100048458 -0.016454174038550633 -0.016454174038550633 0.06526874100048458 -0.016454174038550633 0.016454174038550633 0.06526874100048458 0.016454174038550633 -0.016454174038550633 0.06526874100048458 0.016454174038550633 0.016454174038550633 0.06526874100048458 -0.016454174038550633 -0.016454174038550633
0.0 0.28201647421000003 0.0 -0.0 -0.028766872390000003 -0.0 0.0 1.17462835759 -0.0 0.0 -0.028766872390000003 -0.0 0.0 -8.72598267953 0.0 0.0 -0.028766872390000003 0.0 -0.0 1.17462835759 -0.0 0.0 0.15070102645 0.14026288698000003 -0.0 -0.028766872390000003 -0.0 0.0 -0.07733321201000001 0.0 0.14026288698000003 0.15070102645 0.0 0.0 0.28201647421000003 0.0 -0.14026288698000003 0.15070102645 0.0 0.0 -0.07733321201000001 0.0 0.0 0.15070102645 -0.14026288698000003 0.0 -0.03646724979 -0.0 0.7002783298370174 0.6599290134088831 0.7002783298370174 -0.7002783298370174 0.6599290134088831 0.7002783298370174 -0.7002783298370174 0.6599290134088831 -0.7002783298370174 0.7002783298370174 0.6599290134088831 -0.7002783298370174 0.7002783298370174 0.6599290134088831 0.7002783298370174 -0.016454174038550633 0.06526874100048458 0.016454174038550633 0.016454174038550633 0.06526874100048458 0.016454174038550633 -0.7002783298370174 0.6599290134088831 0.7002783298370174 0.016454174038550633 0.06526874100048458 -0.016454174038550633 -0.7002783298370174 0.6599290134088831 -0.7002783298370174 0.7002783298370174 0.6599290134088831 -0.7002783298370174 -0.016454174038550633 0.06526874100048458 -0.016454174038550633 -0.016454174038550633 0.06526874100048458 0.016454174038550633 0.016454174038550633 0.06526874100048458 0.016454174038550633 0.016454174038550633 0.06526874100048458 -0.016454174038550633 -0.016454174038550633 0.06526874100048458 -0.016454174038550633
0.0 0.0 0.28201647421000003 -0.0 -0.0 -0.028766872390000003 -0.0 -0.0 -0.028766872390000003 -0.0 0.0 1.17462835759 0.0 0.0 -8.72598267953 -0.0 -0.0 1.17462835759 -0.0 -0.0 -0.028766872390000003 0.0 0.14026288698000003 0.15070102645 0.0 -0.0 -0.028766872390000003 0.14026288698000003 0.0 0.15070102645 0.0 0.0 -0.07733321201000001 0.0 0.0 0.28201647421000003 0.0 0.0 -0.07733321201000001 -0.14026288698000003 0.0 0.15070102645 0.0 -0.14026288698000003 0.15070102645 0.0 -0.0 -0.03646724979 0.7002783298370174 0.7002783298370174 0.6599290134088831 -0.7002783298370174 0.7002783298370174 0.6599290134088831 0.7002783298370174 -0.7002783298370174 0.6599290134088831 -0.7002783298370174 -0.7002783298370174 0.6599290134088831 0.7002783298370174 0.7002783298370174 0.6599290134088831 0.016454174038550633 0.016454174038550633 0.06526874100048458 -0.016454174038550633 0.016454174038550633 0.06526874100048458 -0.7002783298370174 0.7002783298370174 0.6599290134088831 0.016454174038550633 -0.016454174038550633 0.06526874100048458 0.7002783298370174 -0.7002783298370174 0.6599290134088831 -0.7002783298370174 -0.7002783298370174 0.6599290134088831 -0.016454174038550633 -0.016454174038550633 0.06526874100048458 0.016454174038550633 0.016454174038550633 0.06526874100048458 -0.016454174038550633 0.016454174038550633 0.06526874100048458 0.016454174038550633 -0.016454174038550633 0.06526874100048458 -0.016454174038550633 -0.016454174038550633 0.06526874100048458
0.15070102645 -0.14026288698000003 0.0 0.15070102645 0.0 0.14026288698000003 -0.07733321201000001 0.0 0.0 -0.03646724979 0.0 0.0 -0.028766872390000003 0.0 -0.0 -8.72598267953 0.0 0.0 -0.07733321201000001 0.0 0.0 -0.028766872390000003 0.0 -0.0 0.15070102645 0.0 -0.14026288698000003 1.17462835759 -0.0 -0.0 0.28201647421000003 0.0 0.0 0.15070102645 0.14026288698000003 0.0 0.28201647421000003 0.0 0.0 1.17462835759 -0.0 0.0 -0.028766872390000003 -0.0 -0.0 -0.028766872390000003 0.0 -0.0 0.06526874100048458 -0.016454174038550633 0.016454174038550633 0.6599290134088831 -0.7002783298370174 0.7002783298370174 0.6599290134088831 -0.7002783298370174 -0.7002783298370174 0.06526874100048458 -0.016454174038550633 -0.016454174038550633 0.6599290134088831 0.7002783298370174 -0.7002783298370174 0.6599290134088831 0.7002783298370174 0.7002783298370174 0.06526874100048458 0.016454174038550633 0.016454174038550633 0.06526874100048458 0.016454174038550633 -0.016454174038550633 0.06526874100048458 0.016454174038550633 -0.016454174038550633 0.06526874100048458 0.016454174038550633 0.016454174038550633 0.6599290134088831 0.7002783298370174 0.7002783298370174 0.6599290134088831 0.7002783298370174 -0.7002783298370174 0.06526874100048458 -0.016454174038550633 -0.016454174038550633 0.6599290134088831 -0.7002783298370174 -0.7002783298370174 0.6599290134088831 -0.7002783298370174 0.7002783298370174 0.06526874100048458 -0.016454174038550633 0.016454174038550633
-0.14026288698000003 0.15070102645 0.0 0.0 -0.07733321201000001 0.0 0.0 0.15070102645 0.14026288698000003 0.0 -0.03646724979 -0.0 0.0 -0.028766872390000003 -0.0 0.0 -8.72598267953 0.0 0.0 0.15070102645 -0.14026288698000003 -0.0 1.17462835759 -0.0 0.0 -0.07733321201000001 0.0 -0.0 -0.028766872390000003 -0.0 0.0 0.28201647421000003 0.0 0.14026288698000003 0.15070102645 0.0 0.0 0.28201647421000003 0.0 -0.0 -0.028766872390000003 -0.0 0.0 1.17462835759 -0.0 0.0 -0.028766872390000003 0.0 -0.016454174038550633 0.06526874100048458 0.016454174038550633 -0.7002783298370174 0.6599290134088831 -0.7002783298370174 -0.7002783298370174 0.6599290134088831 0.7002783298370174 -0.016454174038550633 0.06526874100048458 -0.016454174038550633 0.7002783298370174 0.6599290134088831 -0.7002783298370174 0.7002783298370174 0.6599290134088831 0.7002783298370174 0.016454174038550633 0.06526874100048458 -0.016454174038550633 0.016454174038550633 0.06526874100048458 0.016454174038550633 0.016454174038550633 0.06526874100048458 0.016454174038550633 0.016454174038550633 0.06526874100048458 -0.016454174038550633 0.7002783298370174 0.6599290134088831 0.7002783298370174 0.7002783298370174 0.6599290134088831 -0.7002783298370174 -0.016454174038550633 0.06526874100048458 -0.016454174038550633 -0.7002783298370174 0.6599290134088831 0.7002783298370174 -0.7002783298370174 0.6599290134088831 -0.7002783298370174 -0.016454174038550633 0.06526874100048458 0.016454174038550633
0.0 0.0 -0.07733321201000001 0.14026288698000003 0.0 0.15070102645 0.0 0.14026288698000003 0.15070102645 0.0 -0.0 -0.03646724979 -0.0 0.0 1.17462835759 0.0 0.0 -8.72598267953 0.0 -0.14026288698000003 0.15070102645 -0.0 -0.0 -0.028766872390000003 -0.14026288698000003 0.0 0.15070102645 0.0 -0.0 -0.028766872390000003 0.0 0.0 0.28201647421000003 0.0 0.0 -0.07733321201000001 0.0 0.0 0.28201647421000003 -0.0 -0.0 -0.028766872390000003 -0.0 -0.0 -0.028766872390000003 -0.0 -0.0 1.17462835759 0.016454174038550633 0.016454174038550633 0.06526874100048458 0.7002783298370174 -0.7002783298370174 0.6599290134088831 -0.7002783298370174 0.7002783298370174 0.6599290134088831 -0.016454174038550633 -0.016454174038550633 0.06526874100048458 -0.7002783298370174 -0.7002783298370174 0.6599290134088831 0.7002783298370174 0.7002783298370174 0.6599290134088831 0.016454174038550633 -0.016454174038550633 0.06526874100048458 -0.016454174038550633 0.016454174038550633 0.06526874100048458 -0.016454174038550633 0.016454174038550633 0.06526874100048458 0.016454174038550633 -0.016454174038550633 0.06526874100048458 0.7002783298370174 0.7002783298370174 0.6599290134088831 -0.7002783298370174 -0.7002783298370174 0.6599290134088831 -0.016454174038550633 -0.016454174038550633 0.06526874100048458 -0.7002783298370174 0.7002783298370174 0.6599290134088831 0.7002783298370174 -0.7002783298370174 0.6599290134088831 0.016454174038550633 0.016454174038550633 0.06526874100048458
0.15070102645 0.0 -0.14026288698000003 0.15070102645 0.14026288698000003 0.0 -0.03646724979 0.0 0.0 -0.07733321201000001 0.0 0.0 -0.028766872390000003 -0.0 -0.0 -0.07733321201000001 0.0 0.0 -8.72598267953 0.0 0.0 -0.028766872390000003 0.0 -0.0 0.15070102645 -0.14026288698000003 0.0 0.28201647421000003 0.0 0.0 1.17462835759 -0.0 -0.0 0.15070102645 0.0 0.14026288698000003 1.17462835759 -0.0 0.0 0.28201647421000003 0.0 0.0 -0.028766872390000003 0.0 -0.0 -0.028766872390000003 0.0 -0.0 0.06526874100048458 0.016454174038550633 -0.016454174038550633 0.6599290134088831 0.7002783298370174 -0.7002783298370174 0.06526874100048458 -0.016454174038550633 -0.016454174038550633 0.6599290134088831 -0.7002783298370174 -0.7002783298370174 0.6599290134088831 -0.7002783298370174 0.7002783298370174 0.06526874100048458 0.016454174038550633 0.016454174038550633 0.6599290134088831 0.7002783298370174 0.7002783298370174 0.06526874100048458 -0.016454174038550633 0.016454174038550633 0.06526874100048458 -0.016454174038550633 0.016454174038550633 0.6599290134088831 0.7002783298370174 0.7002783298370174 0.06526874100048458 0.016454174038550633 0.016454174038550633 0.6599290134088831 -0.7002783298370174 0.7002783298370174 0.6599290134088831 -0.7002783298370174 -0.7002783298370174 0.06526874100048458 -0.016454174038550633 -0.016454174038550633 0.6599290134088831 0.7002783298370174 -0.7002783298370174 0.06526874100048458 0.016454174038550633 -0.016454174038550633
0.0 -0.07733321201000001 0.0 0.14026288698000003 0.15070102645 0.0 0.0 -0.03646724979 -0.0 0.0 0.15070102645 0.14026288698000003 0.0 1.17462835759 -0.0 0.0 0.15070102645 -0.14026288698000003 0.0 -8.72598267953 0.0 0.0 -0.028766872390000003 0.0 -0.14026288698000003 0.15070102645 0.0 0.0 0.28201647421000003 0.0 -0.0 -0.028766872390000003 -0.0 0.0 -0.07733321201000001 0.0 -0.0 -0.028766872390000003 -0.0 0.0 0.28201647421000003 0.0 0.0 -0.028766872390000003 -0.0 -0.0 1.17462835759 -0.0 0.016454174038550633 0.06526874100048458 0.016454174038550633 0.7002783298370174 0.6599290134088831 -0.7002783298370174 -0.016454174038550633 0.06526874100048458 -0.016454174038550633 -0.7002783298370174 0.6599290134088831 0.7002783298370174 -0.7002783298370174 0.6599290134088831 -0.7002783298370174 0.016454174038550633 0.06526874100048458 -0.016454174038550633 0.7002783298370174 0.6599290134088831 0.7002783298370174 -0.016454174038550633 0.06526874100048458 0.016454174038550633 -0.016454174038550633 0.06526874100048458 0.016454174038550633 0.7002783298370174 0.6599290134088831 0.7002783298370174 0.016454174038550633 0.06526874100048458 -0.016454174038550633 -0.7002783298370174 0.6599290134088831 -0.7002783298370174 -0.7002783298370174 0.6599290134088831 0.7002783298370174 -0.016454174038550633 0.06526874100048458 -0.016454174038550633 0.7002783298370174 0.6599290134088831 -0.7002783298370174 0.016454174038550633 0.06526874100048458 0.016454174038550633
-0.14026288698000003 0.0 0.15070102645 0.0 0.0 -0.07733321201000001 0.0 -0.0 -0.03646724979 0.0 0.14026288698000003 0.15070102645 -0.0 -0.0 -0.028766872390000003 0.0 -0.14026288698000003 0.15070102645 0.0 0.0 -8.72598267953 -0.0 -0.0 1.17462835759 0.0 0.0 -0.07733321201000001 0.0 0.0 0.28201647421000003 0.0 -0.0 -0.028766872390000003 0.14026288698000003 0.0 0.15070102645 -0.0 -0.0 -0.028766872390000003 0.0 0.0 0.28201647421000003 -0.0 0.0 1.17462835759 -0.0 -0.0 -0.028766872390000003 -0.016454174038550633 0.016454174038550633 0.06526874100048458 -0.7002783298370174 -0.7002783298370174 0.6599290134088831 -0.016454174038550633 -0.016454174038550633 0.06526874100048458 -0.7002783298370174 0.7002783298370174 0.6599290134088831 0.7002783298370174 -0.7002783298370174 0.6599290134088831 0.016454174038550633 -0.016454174038550633 0.06526874100048458 0.7002783298370174 0.7002783298370174 0.6599290134088831 0.016454174038550633 0.016454174038550633 0.06526874100048458 0.016454174038550633 0.016454174038550633 0.06526874100048458 0.7002783298370174 0.7002783298370174 0.6599290134088831 0.016454174038550633 -0.016454174038550633 0.06526874100048458 0.7002783298370174 -0.7002783298370174 0.6599290134088831 -0.7002783298370174 0.7002783298370174 0.6599290134088831 -0.016454174038550633 -0.016454174038550633 0.06526874100048458 -0.7002783298370174 -0.7002783298370174 0.6599290134088831 -0.016454174038550633 0.016454174038550633 0.06526874100048458
1.17462835759 -0.0 0.0 0.28201647421000003 0.0 0.0 -0.028766872390000003 0.0 -0.0 -0.028766872390000003 0.0 -0.0 -0.07733321201000001 0.0 0.0 -0.028766872390000003 -0.0 -0.0 -0.028766872390000003 0.0 -0.0 -8.72598267953 0.0 0.0 0.28201647421000003 0.0 0.0 0.15070102645 -0.14026288698000003 0.0 0.15070102645 0.0 -0.14026288698000003 1.17462835759 -0.0 -0.0 0.15070102645 0.0 0.14026288698000003 0.15070102645 0.14026288698000003 0.0 -0.03646724979 0.0 0.0 -0.07733321201000001 0.0 0.0 0.6599290134088831 -0.7002783298370174 -0.7002783298370174 0.6599290134088831 0.7002783298370174 0.7002783298370174 0.06526874100048458 -0.016454174038550633 0.016454174038550633 0.06526874100048458 0.016454174038550633 -0.016454174038550633 0.6599290134088831 -0.7002783298370174 -0.7002783298370174 0.6599290134088831 -0.7002783298370174 0.7002783298370174 0.6599290134088831 0.7002783298370174 -0.7002783298370174 0.6599290134088831 0.7002783298370174 0.7002783298370174 0.06526874100048458 -0.016454174038550633 -0.016454174038550633 0.06526874100048458 -0.016454174038550633 0.016454174038550633 0.06526874100048458 0.016454174038550633 -0.016454174038550633 0.06526874100048458 0.016454174038550633 0.016454174038550633 0.6599290134088831 -0.7002783298370174 0.7002783298370174 0.6599290134088831 0.7002783298370174 -0.7002783298370174 0.06526874100048458 -0.016454174038550633 -0.016454174038550633 0.06526874100048458 0.016454174038550633 0.016454174038550633
-0.0 -0.028766872390000003 -0.0 0.0 0.28201647421000003 0.0 0.0 -0.028766872390000003 0.0 -0.0 1.17462835759 -0.0 0.0 0.15070102645 0.14026288698000003 0.0 1.17462835759 -0.0 0.0 -0.028766872390000003 -0.0 0.0 -8.72598267953 0.0 0.0 0.28201647421000003 0.0 -0.14026288698000003 0.15070102645 0.0 0.0 -0.07733321201000001 0.0 -0.0 -0.028766872390000003 -0.0 0.0 -0.07733321201000001 0.0 0.14026288698000003 0.15070102645 0.0 0.0 -0.03646724979 -0.0 0.0 0.15070102645 -0.14026288698000003 -0.7002783298370174 0.6599290134088831 0.7002783298370174 0.7002783298370174 0.6599290134088831 0.7002783298370174 -0.016454174038550633 0.06526874100048458 0.016454174038550633 0.016454174038550633 0.06526874100048458 0.016454174038550633 -0.7002783298370174 0.6599290134088831 0.7002783298370174 -0.7002783298370174 0.6599290134088831 -0.7002783298370174 0.7002783298370174 0.6599290134088831 -0.7002783298370174 0.7002783298370174 0.6599290134088831 0.7002783298370174 -0.016454174038550633 0.06526874100048458 -0.016454174038550633 -0.016454174038550633 0.06526874100048458 0.016454174038550633 0.016454174038550633 0.06526874100048458 0.016454174038550633 0.016454174038550633 0.06526874100048458 -0.016454174038550633 -0.7002783298370174 0.6599290134088831 -0.7002783298370174 0.7002783298370174 0.6599290134088831 -0.7002783298370174 -0.016454174038550633 0.06526874100048458 -0.016454174038550633 0.016454174038550633 0.06526874100048458 -0.016454174038550633
-0.0 -0.0 -0.028766872390000003 0.0 0.0 0.28201647421000003 -0.0 -0.0 1.17462835759 -0.0 -0.0 -0.028766872390000003 0.0 0.14026288698000003 0.15070102645 -0.0 -0.0 -0.028766872390000003 -0.0 0.0 1.17462835759 0.0 0.0 -8.72598267953 0.0 0.0 0.28201647421000003 0.0 0.0 -0.07733321201000001 -0.14026288698000003 0.0 0.15070102645 0.0 -0.0 -0.028766872390000003 0.14026288698000003 0.0 0.15070102645 0.0 0.0 -0.07733321201000001 0.0 -0.0 -0.03646724979 0.0 -0.14026288698000003 0.15070102645 -0.7002783298370174 0.7002783298370174 0.6599290134088831 0.7002783298370174 0.7002783298370174 0.6599290134088831 0.016454174038550633 0.016454174038550633 0.06526874100048458 -0.016454174038550633 0.016454174038550633 0.06526874100048458 -0.7002783298370174 0.7002783298370174 0.6599290134088831 0.7002783298370174 -0.7002783298370174 0.6599290134088831 -0.7002783298370174 -0.7002783298370174 0.6599290134088831 0.7002783298370174 0.7002783298370174 0.6599290134088831 -0.016454174038550633 -0.016454174038550633 0.06526874100048458 0.016454174038550633 0.016454174038550633 0.06526874100048458 -0.016454174038550633 0.016454174038550633 0.06526874100048458 0.016454174038550633 -0.016454174038550633 0.06526874100048458 0.7002783298370174 -0.7002783298370174 0.6599290134088831 -0.7002783298370174 -0.7002783298370174 0.6599290134088831 -0.016454174038550633 -0.016454174038550633 0.06526874100048458 0.016454174038550633 -0.016454174038550633 0.06526874100048458
-0.07733321201000001 0.0 0.0 -0.03646724979 0.0 0.0 0.15070102645 0.14026288698000003 0.0 0.15070102645 0.0 0.14026288698000003 1.17462835759 -0.0 0.0 0.15070102645 0.0 -0.14026288698000003 0.15070102645 -0.14026288698000003 0.0 0.28201647421000003 0.0 0.0 -8.72598267953 0.0 0.0 -0.028766872390000003 0.0 -0.0 -0.028766872390000003 0.0 -0.0 -0.07733321201000001 0.0 0.0 -0.028766872390000003 -0.0 -0.0 -0.028766872390000003 0.0 -0.0 0.28201647421000003 0.0 0.0 1.17462835759 -0.0 -0.0 0.06526874100048458 0.016454174038550633 0.016454174038550633 0.06526874100048458 -0.016454174038550633 -0.016454174038550633 0.6599290134088831 0.7002783298370174 -0.7002783298370174 0.6599290134088831 -0.7002783298370174 0.7002783298370174 0.6599290134088831 -0.7002783298370174 -0.7002783298370174 0.06526874100048458 0.016454174038550633 -0.016454174038550633 0.06526874100048458 -0.016454174038550633 0.016454174038550633 0.6599290134088831 0.7002783298370174 0.7002783298370174 0.6599290134088831 0.7002783298370174 0.7002783298370174 0.06526874100048458 -0.016454174038550633 0.016454174038550633 0.06526874100048458 0.016454174038550633 -0.016454174038550633 0.6599290134088831 -0.7002783298370174 -0.7002783298370174 0.6599290134088831 -0.7002783298370174 0.7002783298370174 0.6599290134088831 0.7002783298370174 -0.7002783298370174 0.06526874100048458 -0.016454174038550633 -0.016454174038550633 0.06526874100048458 0.016454174038550633 0.016454174038550633
0.0 0.15070102645 -0.14026288698000003 0.0 -0.03646724979 -0.0 0.14026288698000003 0.15070102645 0.0 0.0 -0.07733321201000001 0.0 -0.0 -0.028766872390000003 -0.0 0.0 -0.07733321201000001 0.0 -0.14026288698000003 0.15070102645 0.0 0.0 0.28201647421000003 0.0 0.0 -8.72598267953 0.0 0.0 -0.028766872390000003 0.0 -0.0 1.17462835759 -0.0 0.0 0.15070102645 0.14026288698000003 0.0 1.17462835759 -0.0 0.0 -0.028766872390000003 -0.0 0.0 0.28201647421000003 0.0 -0.0 -0.028766872390000003 -0.0 0.016454174038550633 0.06526874100048458 -0.016454174038550633 -0.016454174038550633 0.06526874100048458 -0.016454174038550633 0.7002783298370174 0.6599290134088831 -0.7002783298370174 -0.7002783298370174 0.6599290134088831 -0.7002783298370174 -0.7002783298370174 0.6599290134088831 0.7002783298370174 0.016454174038550633 0.06526874100048458 0.016454174038550633 -0.016454174038550633 0.06526874100048458 0.016454174038550633 0.7002783298370174 0.6599290134088831 0.7002783298370174 0.7002783298370174 0.6599290134088831 0.7002783298370174 -0.016454174038550633 0.06526874100048458 0.016454174038550633 0.016454174038550633 0.06526874100048458 0.016454174038550633 -0.7002783298370174 0.6599290134088831 0.7002783298370174 -0.7002783298370174 0.6599290134088831 -0.7002783298370174 0.7002783298370174 0.6599290134088831 -0.7002783298370174 -0.016454174038550633 0.06526874100048458 -0.016454174038550633 0.016454174038550633 0.06526874100048458 -0.016454174038550633
